-0.06861313868613318 -1.0 -1.0 -0.19247467438494942 -0.7294964028776999 1.0 -0.9215686274510101 1.0 -1.0 -0.8723404255318977 -0.5195530726257045 -1.0 1.0 -0.9111111111111427 1.0 0.11111111111110789 0.3146853146853066 1.0 1.0 0.27981995498874723 1.0 0.0 0.0 0.0 0.0 
0.17060810810810836 -1.0 -1.0 -0.9767981438515088 -1.0 0.08695652173913032 -1.0 -0.5857142857142884 -0.11111111111110958 -1.0 0.3478260869565222 -1.0 1.0 -0.8757062146892651 1.0 0.27551020408163196 0.6342182890855463 1.0 1.0 0.840490797546012 1.0 0.0 0.0 0.0 0.0 
0.3383749560323595 -1.0 -1.0 -0.6282367447595556 -1.0 0.49661781285231044 -0.5976470588235342 1.0 -0.5573770491803368 -1.0 -0.03286978508217675 -1.0 1.0 -0.6023255813953522 1.0 0.8116279069767468 0.35466179159049255 1.0 1.0 0.27174583590376317 1.0 0.0 0.0 0.0 0.0 
-0.720653377630122 1.0 -1.0 0.4869650762420069 -1.0 -0.29256965944272373 -0.7980339588918691 -1.0 -0.12400932400932455 -1.0 0.6113256113256104 -1.0 1.0 -0.3514431239388791 1.0 0.2089783281733759 0.998277347114555 1.0 0.46828975052599897 1.0 1.0 0.0 0.0 0.0 0.0 
-0.6117235816079587 1.0 -1.0 0.42586943258084237 -1.0 -0.20189274447949543 -0.6308016877637121 -1.0 -0.14477317554240576 -1.0 0.6119592875318084 -1.0 1.0 -0.5264054514480395 1.0 0.342928660826032 1.0 0.8192488262910785 0.41388258190074645 1.0 1.0 0.0 0.0 0.0 0.0 
-0.5453895639742673 1.0 -1.0 0.30404105195638176 -1.0 -0.2455223880597024 -0.6675159235668781 -1.0 -0.09649555774925941 -1.0 1.0 -0.7551622418879069 1.0 0.32153392330383107 1.0 0.6189320388349479 0.8866544789762371 1.0 0.4098163203854264 1.0 1.0 0.0 0.0 0.0 0.0 
-0.6242290748898677 1.0 -1.0 0.27646129541864123 -1.0 -0.32140860816098443 -0.7551122194513706 -1.0 -0.28331242158092806 -1.0 0.8291666666666675 -1.0 1.0 -0.43417366946778724 1.0 0.021413276231262855 1.0 0.8711217183770872 0.5145374449339211 1.0 1.0 0.0 0.0 0.0 0.0 
0.3857627118644072 -1.0 -1.0 -0.9660537482319651 -1.0 0.2691218130311624 -0.3628938156359387 1.0 1.0 0.16279069767442536 1.0 -0.8959537572254271 0.27193528313627907 -1.0 1.0 0.08045977011494594 1.0 0.934426229508199 1.0 0.9479251423921894 1.0 0.0 0.0 0.0 0.0 
0.1607558139534884 -1.0 -1.0 -0.6702925731432868 -1.0 0.5553242117787025 0.019302615193026465 1.0 1.0 0.6459227467811101 1.0 -0.8890625000000032 0.20291869353717856 -1.0 1.0 -0.08499095840868427 0.6291899441340796 1.0 1.0 0.46125939362529084 1.0 0.0 0.0 0.0 0.0 
0.0686952512678663 -1.0 -1.0 -0.7593269934162402 -1.0 0.40952994204765025 -0.28810720268006607 1.0 0.9867424242424263 1.0 1.0 -0.9576547231270315 0.639583333333336 -1.0 1.0 -0.7349999999999972 1.0 0.3468559837728197 1.0 0.26632030720578276 1.0 0.0 0.0 0.0 0.0 
-1.0 0.4007649808754785 -1.0 -0.9762419006479458 -0.29883843717001096 -1.0 -0.2828947368421054 -1.0 -1.0 -0.06412005457025788 -1.0 0.6511627906976757 -0.3324607329842931 1.0 0.5408415841584151 1.0 1.0 0.6258741258741277 1.0 0.12801377726750918 0.0 1.0 0.0 0.0 0.0 
-0.500825536598789 1.0 -1.0 0.04187192118226659 -0.759753593429158 -1.0 -0.21078037007240533 -1.0 -1.0 -0.9042553191489361 -1.0 0.1518771331058025 -1.0 0.9393305439330553 -0.09240407204385259 1.0 0.8998410174880763 1.0 1.0 0.38115449915110367 0.0 1.0 0.0 0.0 0.0 
-0.43681802182330176 1.0 -1.0 0.2889182058047484 -0.5052410901467502 -1.0 -0.12025685931115002 -1.0 -1.0 -0.7837445573294639 -1.0 0.4645161290322569 -0.5555555555555559 1.0 -0.030630630630630665 1.0 0.9843304843304852 1.0 1.0 0.13457943925233615 0.0 1.0 0.0 0.0 0.0 
-0.7168418063050273 1.0 -1.0 -0.4059734513274328 -0.6542130365659788 -1.0 -0.1620441144354665 -1.0 -1.0 -0.4307817589576541 -1.0 0.36751269035532985 -0.22967032967033024 1.0 0.40175953079178833 1.0 1.0 0.5707154742096514 1.0 0.21805467260012731 0.0 1.0 0.0 0.0 0.0 
-1.0 0.7436300723497953 -0.9381898454746155 -1.0 -0.27363932781540073 -1.0 -1.0 -0.5195328231977437 -1.0 0.841402337228714 -0.2660380846736924 1.0 1.0 0.8966789667896707 1.0 -0.33386327503974556 1.0 0.12969924812030134 1.0 0.22880041365046574 0.0 1.0 0.0 0.0 0.0 
-0.6361407809490458 1.0 -1.0 -0.172327044025158 -0.8593939393939389 -1.0 -0.1150216781433308 -1.0 -1.0 -0.9123414071510959 -1.0 0.17457392906494673 -0.6490028490028493 1.0 0.1855637176620888 1.0 1.0 0.7904761904761902 1.0 0.21792062332602857 0.0 1.0 0.0 0.0 0.0 
-0.48057932850559526 1.0 -1.0 -0.531578947368422 -0.40954773869346567 -1.0 -0.22022080185938367 -1.0 -1.0 -0.596463022508039 -1.0 0.46554621848739586 -0.3822284908321568 1.0 0.52948885976409 1.0 1.0 0.3689956331877728 1.0 0.14916151809355702 0.0 1.0 0.0 0.0 0.0 
-0.4675728791352768 1.0 -1.0 -0.12409394027254304 -0.5229285573705962 -1.0 0.8032892615285391 -1.0 -0.5883244882486725 -1.0 -1.0 -0.9627737226277382 0.25970873786407794 -1.0 1.0 0.14738598442714074 0.5077556955889484 1.0 -0.7902658326817827 1.0 0.0 1.0 0.0 0.0 0.0 
-0.0906583936573594 1.0 -1.0 0.24363916730917473 -0.7691815856777489 -1.0 0.5299446401610469 -1.0 -0.7124183006535938 -1.0 -1.0 -0.9765258215962455 0.6566037735849058 -1.0 1.0 -0.012345679012346133 0.7794698251551048 1.0 -0.5322772277227722 1.0 0.0 1.0 0.0 0.0 0.0 
-0.2565656565656561 1.0 -1.0 0.29834254143646444 -0.9197530864197524 -1.0 0.321321321321322 -1.0 -0.6740740740740724 -1.0 -0.5092592592592572 -1.0 0.9876543209876572 -1.0 1.0 -0.19148936170212744 0.9202279202279209 1.0 -0.3501683501683498 1.0 0.0 1.0 0.0 0.0 0.0 
-0.06062654947036252 1.0 -1.0 0.3316391359593396 -1.0 -0.995183624322698 0.2727011494252878 -1.0 -0.4759972954699111 -1.0 -0.9243295019157074 -1.0 0.6513409961685852 -1.0 1.0 0.0 0.5397509578544065 1.0 -0.6432444155280846 1.0 0.0 1.0 0.0 0.0 0.0 
-0.008528784648186538 1.0 -1.0 0.3574468085106399 -0.895238095238094 -1.0 0.66964285714286 -1.0 -1.0 -0.7411764705882395 -1.0 -0.1340425531914888 -0.28911564625850034 -1.0 1.0 -0.46666666666666373 0.9688826025459698 1.0 -0.37034529451590986 1.0 0.0 1.0 0.0 0.0 0.0 
-0.44126984126984115 1.0 -1.0 -0.1446280991735538 -0.844897959183673 -1.0 -0.30714285714285694 -1.0 -0.7165714285714284 -1.0 -1.0 0.3593429158110884 -0.7446428571428569 1.0 -0.16462585034013597 1.0 1.0 0.9929078014184395 1.0 0.4628687690742624 0.0 1.0 0.0 0.0 0.0 
-0.27088212334114153 1.0 -1.0 -0.5258764607679446 -0.814965986394561 -1.0 0.2813852813852794 -1.0 -0.7748917748917847 -1.0 -0.7748917748917847 -1.0 0.6796536796536699 -1.0 1.0 0.051344743276283904 0.8326118326118294 1.0 -0.413388543823328 1.0 0.0 1.0 0.0 0.0 0.0 
-0.10110746513535639 1.0 -1.0 0.3177419354838715 -0.9409853817000529 -1.0 0.2438668224299072 -1.0 -0.6912181303116081 -1.0 -1.0 -0.02312775330396494 0.0806451612903594 1.0 1.0 0.5708661417322779 0.7212205270457706 1.0 -0.4394904458598721 1.0 0.0 1.0 0.0 0.0 0.0 
-0.6716535433070866 1.0 -1.0 -0.2915632754342424 -0.2770428015564205 -1.0 -0.4094218415417561 -1.0 -1.0 -0.18161180476730918 -0.7575129533678754 1.0 0.22544169611307396 1.0 1.0 0.46849757673667314 1.0 0.958213256484151 1.0 0.2749069863579994 0.0 1.0 0.0 0.0 0.0 
-0.4603174603174602 1.0 -1.0 -0.6163522012578498 -0.4832826747720402 -1.0 -0.2852549379880574 -1.0 -1.0 -0.5566600397614295 -1.0 0.5690322580645178 -0.35119047619047605 1.0 0.8329297820823223 1.0 1.0 0.2108433734939776 1.0 0.17803970223325166 0.0 1.0 0.0 0.0 0.0 
-0.684797768479777 1.0 0.5172413793103436 -1.0 0.41866666666666635 -1.0 0.28828828828828823 -1.0 -0.8329092451229849 -1.0 -1.0 -0.1901639344262303 -1.0 0.8701700154559496 0.023834196891191903 1.0 1.0 0.9090909090909078 1.0 0.2522889114954218 0.0 1.0 0.0 0.0 0.0 
-0.3933990895295905 1.0 -1.0 0.23014959723820455 -0.7760586319218244 -1.0 -0.4888443935926775 -1.0 -1.0 -0.2835288118306986 -1.0 0.7137954701441315 -0.13493150684931546 1.0 0.9457295373665476 1.0 1.0 0.10113339145597205 1.0 0.283208834037025 0.0 1.0 0.0 0.0 0.0 
-0.32238095238095177 -1.0 -1.0 0.6939130434782613 -0.3008905852417297 1.0 1.0 0.6678082191780779 0.25694444444445325 1.0 -1.0 0.5568862275449109 -1.0 -0.6428571428572316 1.0 -0.10227272727273176 1.0 -0.8104712041884813 -0.45478927203065084 -1.0 0.0 1.0 0.0 0.0 0.0 
0.6362378976486877 -1.0 -0.05145797598627645 -1.0 -1.0 -0.9658536585365871 -1.0 -0.38749999999999946 -1.0 0.4254545454545484 -1.0 0.9345454545454591 -0.39351851851851616 1.0 0.2293577981651399 1.0 0.9684684684684703 1.0 1.0 0.3813953488372099 0.0 0.0 1.0 0.0 0.0 
0.944206008583692 -1.0 0.25102319236016474 -1.0 -0.3978685612788617 -1.0 -1.0 -0.7138888888888908 -1.0 0.04166666666666644 -1.0 0.41944444444444506 -0.909657320872272 1.0 -0.3136246786632371 1.0 0.32822757111597556 1.0 0.8909657320872302 1.0 0.0 0.0 1.0 0.0 0.0 
0.9787234042553203 -1.0 0.23404255319148873 -1.0 -0.5135135135135166 -1.0 -1.0 -0.6923076923076884 -1.0 0.10344827586207268 -1.0 0.750000000000003 -0.4242424242424245 1.0 0.4848484848484815 1.0 1.0 0.7777777777777821 1.0 0.2321428571428594 0.0 0.0 1.0 0.0 0.0 
0.7619893428063959 -1.0 0.030456852791879672 -1.0 -0.5747663551401836 -1.0 -1.0 -0.6422764227642324 -1.0 0.2723577235772355 -0.9959514170040453 1.0 -0.5761124121779837 1.0 0.032345013477090574 1.0 0.7388724035608353 1.0 1.0 0.8112449799196733 0.0 0.0 1.0 0.0 0.0 
0.7319034852546933 -1.0 0.0962099125364451 -1.0 -0.8796992481202949 -1.0 -1.0 -0.6239316239316285 -1.0 -0.08843537414966104 -1.0 0.43502824858757166 -0.8984771573604031 1.0 -0.33852140077820764 1.0 0.24513618677043078 1.0 0.8061674008810606 1.0 0.0 0.0 1.0 0.0 0.0 
0.6977410117721918 -1.0 0.05258717660292453 -1.0 -0.7167741935483869 -1.0 -1.0 -0.695563139931741 -1.0 -0.09669338677354748 -1.0 0.5566625155666247 -0.7577295800646059 1.0 -0.1397238017871651 1.0 0.46124031007751937 1.0 1.0 0.9673829623944741 0.0 0.0 1.0 0.0 0.0 
0.7127659574468059 -1.0 0.036363636363631234 -1.0 -0.8275862068965631 -1.0 -1.0 -0.43243243243242757 -1.0 -0.05999999999999852 -1.0 0.7199999999999971 -0.5967741935483911 1.0 0.03225806451612442 1.0 0.571428571428565 1.0 1.0 0.7313432835820936 0.0 0.0 1.0 0.0 0.0 
1.0 -0.6176470588235294 0.6206896551724138 -1.0 0.06451612903225806 -1.0 -0.7058823529411765 -1.0 -1.0 -0.6428571428571429 -1.0 0.07142857142857142 -1.0 0.75 -0.6666666666666666 1.0 -0.14814814814814814 1.0 0.3870967741935484 1.0 0.0 0.0 1.0 0.0 0.0 
0.61125 -1.0 -0.005966587112172659 -1.0 -0.9083769633507895 -1.0 -1.0 -0.5974025974025937 -1.0 -0.20259740259739958 -1.0 0.4322766570605208 -1.0 0.9741697416974183 -0.28605769230769323 1.0 0.12499999999999857 1.0 0.6904761904761868 1.0 0.0 0.0 1.0 0.0 0.0 
0.6887966804979245 -1.0 0.008298755186720895 -1.0 -0.644495412844039 -1.0 -1.0 -0.5234159779614305 -1.0 0.04658385093167796 -1.0 0.6832298136645957 -0.5647058823529426 1.0 0.010186757215618337 1.0 0.6562499999999973 1.0 1.0 0.7103174603174639 0.0 0.0 1.0 0.0 0.0 
0.661666666666668 -1.0 -0.09036144578313197 -1.0 -0.6554878048780491 -1.0 -1.0 -0.4381625441696094 -1.0 0.042402826855126134 -1.0 0.5229681978798617 -0.6373239436619691 1.0 -0.12784090909090787 1.0 0.411917098445596 1.0 1.0 0.9627118644067809 0.0 0.0 1.0 0.0 0.0 
0.9734789391575686 -1.0 0.26989079563182716 -1.0 -0.4239713774597478 -1.0 -1.0 -0.41388888888888925 -1.0 0.13965087281795635 -1.0 0.6508728179551149 -0.5576470588235263 1.0 0.2369791666666694 1.0 0.8629737609329471 1.0 1.0 0.5180102915951968 0.0 0.0 1.0 0.0 0.0 
0.68181818181818 -1.0 0.05333333333333202 -1.0 -0.68867924528302 -1.0 -1.0 -0.2333333333333351 -1.0 0.1214953271028013 -1.0 0.6532258064516095 -0.6040268456375867 1.0 -0.027322404371586288 1.0 0.8791946308724826 1.0 1.0 0.7252747252747251 0.0 0.0 1.0 0.0 0.0 
0.872727272727273 -1.0 0.06851119894598186 -1.0 -0.4784688995215307 -1.0 -1.0 -0.654185022026432 -1.0 -0.02208835341365463 -1.0 0.5572687224669607 -0.8115299334811525 1.0 -0.059504132231404584 1.0 0.45300462249614826 1.0 1.0 0.9024767801857582 0.0 0.0 1.0 0.0 0.0 
-0.0042643923240928494 -1.0 -0.6728110599078327 -1.0 -1.0 -0.5 -1.0 -0.00393700787401486 -1.0 0.655963302752296 -0.5174825174825135 1.0 -0.009302325581393224 1.0 0.56573705179283 1.0 1.0 0.877622377622377 1.0 0.3068669527896998 0.0 0.0 1.0 0.0 0.0 
0.4923076923076935 -1.0 -0.03809523809523593 -1.0 -1.0 0.14705882352941274 -0.7999999999999958 1.0 -0.4631578947368397 1.0 -0.43199999999999816 1.0 -0.47407407407407237 1.0 -0.441379310344826 1.0 -0.0347826086956502 1.0 0.42352941176470854 1.0 0.0 0.0 1.0 0.0 0.0 
-1.0 0.8698795180722897 -0.7571265678449257 1.0 0.17622080679405516 1.0 1.0 0.38554216867469954 1.0 -0.9001721170395862 0.40459610027855164 -1.0 0.9755142017629779 -1.0 1.0 -0.3584337349397586 0.678012253233492 1.0 0.24263938191689285 1.0 0.0 0.0 0.0 1.0 0.0 
0.7572254335260344 -1.0 -0.9999999999999876 -1.0 -1.0 -0.03797468354430217 -0.8819047619047593 1.0 0.4404907975460156 1.0 1.0 -0.4818941504178202 0.5092198581560337 -1.0 1.0 -0.9420783645655809 1.0 0.7410562180579193 0.3088291019325513 1.0 0.0 0.0 0.0 1.0 0.0 
0.3073089700996696 -1.0 -1.0 -0.702752293577982 -1.0 0.6364985163204756 -0.294425917103382 1.0 1.0 0.7636363636363632 1.0 -0.5866336633663339 0.18538670812281424 -1.0 1.0 0.26834381551362735 1.0 0.8963636363636357 0.2901447277739493 1.0 0.0 0.0 0.0 1.0 0.0 
0.757575757575755 1.0 -0.757575757575755 1.0 -1.0 0.8439024390243908 0.08196721311475405 1.0 1.0 0.6615384615384633 1.0 -0.4933333333333318 0.2825552825552826 -1.0 1.0 0.15294117647058958 0.9139784946236548 1.0 0.39249146757679165 1.0 0.0 0.0 0.0 1.0 0.0 
-0.4115267947421634 -1.0 -1.0 -0.3094323516858732 -1.0 0.8924455825864273 -0.02335456475583865 1.0 1.0 0.40121212121212013 1.0 -0.5049288061336265 0.3191857947163273 -1.0 1.0 -0.2157721796276023 1.0 0.7480832420591447 0.3501822600243014 1.0 0.0 0.0 0.0 1.0 0.0 
-0.18604651162791144 1.0 -1.0 0.29999999999999827 -0.9356357927786508 1.0 0.18561151079136648 1.0 1.0 -0.8800000000000052 0.4291845493562213 -1.0 0.16235917826375057 -1.0 1.0 0.5443037974683541 0.9132947976878605 1.0 0.28264925373134303 1.0 0.0 0.0 0.0 1.0 0.0 
-0.1230468749999981 -1.0 -1.0 -0.5322376738305927 -1.0 0.5809523809523831 -0.4538357094365234 1.0 0.11715481171548706 -1.0 0.046434494195690346 -1.0 0.9582132564841541 -1.0 1.0 0.16534391534391749 1.0 0.8875661375661386 0.2006417112299467 1.0 0.0 0.0 0.0 1.0 0.0 
1.0 -0.34271099744245137 0.052380952380951695 -1.0 -1.0 -0.4790619765494109 -1.0 0.834437086092716 0.004786771105308862 1.0 1.0 0.24460431654676495 0.8097514340344178 -1.0 1.0 -0.9531502423263306 1.0 0.35395683453237653 0.33461736004108866 1.0 0.0 0.0 0.0 1.0 0.0 
-0.6665247018739354 1.0 0.30696202531645633 1.0 1.0 0.7126258714175039 1.0 -0.27966881324747156 0.7883928571428567 -1.0 -0.02389196675900244 -1.0 -1.0 -0.9095354523227449 -1.0 0.5867970660146667 -0.6311728395061732 1.0 -0.21523388116308453 1.0 0.0 0.0 0.0 1.0 0.0 
-0.5509369676320272 1.0 0.3540034071550259 1.0 1.0 0.6976744186046508 1.0 -0.20414968506854406 0.545002261420172 -1.0 -0.04158215010141964 -1.0 -0.8378759398496235 -1.0 -1.0 -0.19687092568448541 -1.0 0.6498966230186078 -0.4695439240893785 1.0 0.0 0.0 0.0 1.0 0.0 
-0.3832140533506828 1.0 0.5188758389261743 1.0 1.0 0.5245305875227145 1.0 -0.3935681470137811 0.5618479880774973 -1.0 -0.05534055727554173 -1.0 -1.0 -0.8210862619808282 -1.0 0.2811501597444119 -0.8720200752823064 1.0 -0.3052400146573834 1.0 0.0 0.0 0.0 1.0 0.0 
-0.4144965277777776 -1.0 0.5352393617021274 -1.0 1.0 -0.5140983606557383 1.0 0.38233766233766187 0.453265765765766 1.0 -0.2752976190476192 1.0 -1.0 0.9382198952879571 -1.0 -0.16457142857142962 -1.0 -0.896000000000001 -0.25682471264367807 -1.0 0.0 0.0 0.0 1.0 0.0 
-0.6480558325024927 -1.0 0.2947131608548931 -1.0 1.0 -0.703125 1.0 0.17574257425742584 0.8787618228718829 1.0 -0.029391182645206515 1.0 -0.8786717752234994 1.0 -1.0 0.031680440771350016 -1.0 -0.9692482915717537 -0.405848471422242 -1.0 0.0 0.0 0.0 1.0 0.0 
-0.8630136986301365 -1.0 0.1284722222222226 -1.0 1.0 -0.8873239436619716 1.0 -0.006191950464396459 1.0 0.7913043478260865 0.29022082018927486 1.0 -0.6249999999999997 1.0 -1.0 0.18023255813953468 -1.0 -0.8146341463414641 -0.5705263157894733 -1.0 0.0 0.0 0.0 1.0 0.0 
-1.0 -0.9720279720279712 0.04577908441831112 -1.0 0.9103139013452909 -1.0 1.0 -0.12481203007518785 1.0 0.8458889367197595 0.26058756199923644 1.0 -0.8467807660961703 1.0 -1.0 0.11777615215801042 -1.0 -0.7220190197512792 -0.6015717092337923 -1.0 0.0 0.0 0.0 1.0 0.0 
-0.5695839311334294 -1.0 0.35330578512396565 -1.0 1.0 -0.4395604395604408 1.0 0.18779069767441822 0.8671570748593679 1.0 -0.05625000000000071 1.0 -0.9092219020172928 1.0 -1.0 -0.40892857142857175 -1.0 -0.9160714285714282 -0.4232137968792776 -1.0 0.0 0.0 0.0 1.0 0.0 
-0.6286535697172978 -1.0 0.3718255869669384 -1.0 1.0 -0.739368165249088 1.0 0.20951465641518552 0.9049608355091379 1.0 0.07994255624700812 1.0 -1.0 0.9115128449096109 -1.0 0.15377855887522063 -1.0 -0.8189771197846561 -0.595826235093697 -1.0 0.0 0.0 0.0 1.0 0.0 
-1.0 -0.8348924228250701 -0.15875370919881301 -1.0 0.8570456092579988 -1.0 1.0 -0.18426395939086285 1.0 0.7575187969924813 0.27941176470588236 1.0 -0.6102897693672382 1.0 -1.0 0.43397626112759663 -1.0 -0.6277602523659306 -0.4945022288261515 -1.0 0.0 0.0 0.0 1.0 0.0 
-0.4033496161898117 -1.0 0.5135999999999994 -1.0 1.0 -0.4349286314021838 1.0 0.5148809523809519 0.6582397003745319 1.0 -0.09338280766852224 1.0 -0.9102564102564118 1.0 -1.0 0.14397496087636813 -1.0 -0.8106416275430366 -0.6351888667992047 -1.0 0.0 0.0 0.0 1.0 0.0 
-0.024963289280466493 -1.0 -1.0 -0.38840070298770246 -1.0 0.5414808206958068 -0.2348134991118999 1.0 1.0 0.41880341880341093 1.0 -0.7065462753950343 0.11630349173011344 -1.0 1.0 -0.08352144469526328 0.5782537067545359 1.0 0.5168738898756672 1.0 0.0 0.0 0.0 1.0 0.0 
-1.0 0.36809815950920144 -0.3618421052631586 1.0 0.9921259842519845 1.0 1.0 -0.10416666666667002 0.6395721925133683 -1.0 -0.5793991416308993 -1.0 -1.0 -0.15571428571428816 -0.8419958419958441 1.0 0.3425925925925944 1.0 1.0 0.5828166519043385 0.0 0.0 0.0 0.0 1.0 
-0.20393559928443528 1.0 1.0 0.9848484848484814 1.0 0.15599999999999958 0.9389920424403201 -1.0 0.12685560053981199 -1.0 -0.9059829059829048 -1.0 -1.0 0.07358490566037745 -0.7290969899665529 1.0 0.08284023668639187 1.0 1.0 0.9174174174174164 0.0 0.0 0.0 0.0 1.0 
-1.0 0.2778969957081545 1.0 0.9107142857142668 1.0 -0.0062500000000013855 1.0 -0.0037878787878796363 0.633093525179858 -1.0 -0.43496801705756716 -1.0 -1.0 -0.20703125000000164 -0.9806451612903182 1.0 0.21621621621621992 1.0 1.0 0.8264331210191067 0.0 0.0 0.0 0.0 1.0 
-1.0 0.4464646464646457 -0.3165467625899265 1.0 0.863309352517992 1.0 1.0 0.07920792079207624 0.7 -1.0 -0.1410256410256395 -1.0 -1.0 -0.6407185628742564 -1.0 0.670588235294114 -0.3165467625899265 1.0 0.5872093023255835 1.0 0.0 0.0 0.0 0.0 1.0 
-1.0 0.6059190031152663 0.12244897959183627 1.0 0.8456375838926123 1.0 1.0 -0.1936936936936896 0.6706948640483402 -1.0 -0.1389473684210529 -1.0 -1.0 0.043859649122814995 -1.0 0.4649122807017624 -0.2693877551020398 1.0 0.6178489702517149 1.0 0.0 0.0 0.0 0.0 1.0 
-1.0 0.39285714285714374 -0.14035087719297942 1.0 1.0 0.6467391304347835 1.0 -0.09438775510203955 0.7505518763796927 -1.0 -0.5157593123209163 -1.0 -1.0 -0.4196428571428564 -1.0 0.7370689655172448 -0.0556844547563794 1.0 1.0 0.9707207207207208 0.0 0.0 0.0 0.0 1.0 
0.327126321087066 -1.0 -0.2071163037705789 -1.0 -0.7344632768361589 -1.0 -1.0 0.23846153846153964 -0.7662082514734767 1.0 -0.4467353951890032 1.0 -0.3025601241272303 1.0 -0.26739261947973375 1.0 0.1067448680351906 1.0 0.42132775744903284 1.0 0.0 0.0 0.0 0.0 1.0 
0.8318264014466531 -1.0 0.21724818959841916 -1.0 -0.365371955233707 -1.0 -0.965217391304349 -1.0 -1.0 0.2681451612903209 -1.0 0.981854838709674 -0.5511111111111128 1.0 -0.4150627615062773 1.0 0.016826923076922507 1.0 0.5956054230949037 1.0 0.0 0.0 0.0 0.0 1.0 
0.548644338118022 -1.0 -0.01979472140762497 -1.0 -0.5602968460111327 -1.0 -1.0 -0.6342943854324721 -1.0 0.28376327769347504 -0.842975206611571 1.0 -0.5730253353204179 1.0 -0.3533447684391084 1.0 0.16231137283768826 1.0 0.6873698820263702 1.0 0.0 0.0 0.0 0.0 1.0 
0.6127536231884061 -1.0 0.00985507246376864 -1.0 -0.4708276797829021 -1.0 -1.0 -0.6253602305475537 -1.0 0.10776942355889606 -1.0 0.8897243107769429 -0.6487804878048772 1.0 -0.4304207119741093 1.0 0.14506769825918825 1.0 0.6269494697442304 1.0 0.0 0.0 0.0 0.0 1.0 
0.6832445233866206 -1.0 0.10559330893884049 -1.0 -0.4216725559481724 -1.0 -1.0 -0.9636871508379925 -1.0 0.13128491620111926 -1.0 0.9134078212290562 -0.539969834087478 1.0 -0.43080625752105656 1.0 -0.1463887542413951 1.0 0.4124587069372353 1.0 0.0 0.0 0.0 0.0 1.0 
0.404162633107453 -1.0 -0.16594360086768148 -1.0 -1.0 -0.9644012944983741 -1.0 -0.2912621359223272 -1.0 0.4709141274238204 -0.7047781569965906 1.0 -0.5159680638722577 1.0 -0.40107270560190833 1.0 0.1520231213872819 1.0 0.6908801696712606 1.0 0.0 0.0 0.0 0.0 1.0 
0.5733476625470161 -1.0 0.012134831460672929 -1.0 -0.48102383053839587 -1.0 -1.0 -0.9396984924623081 -1.0 0.020183486238531174 -1.0 0.6880733944954086 -0.7374830852503425 1.0 -0.5185537583254072 1.0 -0.009574875526619201 1.0 0.5076268180205737 1.0 0.0 0.0 0.0 0.0 1.0 
0.690045248868778 -1.0 0.06311637080867828 -1.0 -0.40659340659340704 -1.0 -1.0 -0.6290322580645156 -1.0 -0.09489051094890504 -1.0 0.5199999999999996 -0.8875739644970421 1.0 -0.5244755244755249 1.0 0.05594405594405574 1.0 0.5535117056856186 1.0 0.0 0.0 0.0 0.0 1.0 
0.49181117533718577 -1.0 -0.07378400659521929 -1.0 -1.0 -0.7599067599067575 -1.0 0.42344045368619776 -1.0 0.9913644214162305 -0.7026699029126243 1.0 -0.3928086838534615 1.0 -0.2860671936758904 1.0 0.22911169744942747 1.0 0.6274752475247518 1.0 0.0 0.0 0.0 0.0 1.0 
0.28610428610428584 -1.0 -0.19779187221047706 -1.0 -0.668633235004917 -1.0 -1.0 0.20454545454545334 -0.2848373235113573 1.0 -0.1513473606496866 1.0 -0.11333970073225118 1.0 -0.10116510372264875 1.0 0.14421349756222715 1.0 0.6014883243520656 1.0 0.0 0.0 0.0 0.0 1.0 
0.5816554809843392 -1.0 0.02234137622877518 -1.0 -0.6920903954802269 -1.0 -1.0 -0.7102040816326528 -1.0 0.486206896551722 -0.6359649122807035 1.0 -0.46143250688705334 1.0 -0.28486394557823186 1.0 0.3545119705340696 1.0 0.7661927330173773 1.0 0.0 0.0 0.0 0.0 1.0 
0.5012919896640813 -1.0 -0.1260192735359537 -1.0 -0.8591160220994515 -1.0 -1.0 -0.486033519553071 -1.0 0.17039106145251265 -1.0 0.8268156424580964 -0.674199623352169 1.0 -0.30727396329027984 1.0 0.270459859703818 1.0 0.8263157894736831 1.0 0.0 0.0 0.0 0.0 1.0 
-1.0 0.4272179155900091 -0.2864077669902914 1.0 0.8398058252427145 1.0 1.0 -0.04990403071017146 0.5273722627737228 -1.0 -0.6368613138686143 -1.0 -1.0 -0.2063882063882046 -0.8825757575757561 1.0 0.26255707762556985 1.0 1.0 0.6601941747572825 0.0 0.0 0.0 0.0 1.0 
-0.45314353499406723 1.0 0.5739130434782642 1.0 1.0 0.016853932584274686 0.7027027027027074 -1.0 -0.04847207586933523 -1.0 -1.0 -0.7251308900523553 -1.0 0.18098159509202782 -0.5417721518987306 1.0 0.3780290791599363 1.0 1.0 0.7327746741154565 0.0 0.0 0.0 0.0 1.0 
0.979381443298969 -1.0 0.26176470588235334 -1.0 -0.4017725258493341 -1.0 -1.0 -0.3729729729729753 -1.0 0.13842482100238526 -1.0 0.4892601431980898 -1.0 0.9615384615384613 -0.3430012610340475 1.0 0.33746130030959876 1.0 0.9343065693430679 1.0 0.0 0.0 1.0 0.0 0.0 
1.0 -0.9749768303985167 0.3419521654815775 -1.0 -0.29689067201604785 -1.0 -1.0 -0.7371512481644642 -1.0 -0.28697850821744625 -1.0 0.3378661087866111 -1.0 0.9669030732860525 -0.3211344922232384 1.0 0.2827081427264413 1.0 0.9025423728813563 1.0 0.0 0.0 1.0 0.0 0.0 
0.736253494874183 -1.0 0.10094097519247135 -1.0 -0.5352112676056346 -1.0 -1.0 -0.44475138121547103 -1.0 -0.04696132596685322 -1.0 0.42682926829267975 -0.9892008639308895 1.0 -0.3022136669874891 1.0 0.3267175572519075 1.0 0.8626506024096382 1.0 0.0 0.0 1.0 0.0 0.0 
0.45530303030303143 -1.0 -0.16173570019723743 -1.0 -1.0 -0.9463722397476368 -1.0 -0.5380434782608705 -1.0 0.012765957446809272 -1.0 0.5988483685220751 -0.8289241622574928 1.0 -0.1294387170675815 1.0 0.3744588744588757 1.0 0.5810635538262012 1.0 0.0 0.0 1.0 0.0 0.0 
0.9490538573508003 -1.0 0.2931188561215371 -1.0 -0.3004694835680749 -1.0 -0.9180952380952373 -1.0 -1.0 -0.3750000000000007 -1.0 0.1287313432835815 -1.0 0.7033195020746883 -0.5641025641025642 1.0 0.003325020781379979 1.0 0.5939393939393943 1.0 0.0 0.0 1.0 0.0 0.0 
0.581140350877194 -1.0 -0.043560606060605196 -1.0 -0.9947916666666643 -1.0 -1.0 -0.3348837209302333 -1.0 0.11162790697674442 -1.0 0.8033472803347296 -0.7113095238095225 1.0 -0.10879629629629524 1.0 0.5029761904761918 1.0 1.0 0.8962655601659734 0.0 0.0 1.0 0.0 0.0 
0.506108202443281 -1.0 -0.21767889356584524 -1.0 -1.0 -0.79442970822281 -1.0 -0.23903002309468704 -1.0 0.2006507592190898 -1.0 0.8762781186094075 -0.5469556243550051 1.0 0.13135985198889863 1.0 0.7244582043343641 1.0 1.0 0.8931888544891661 0.0 0.0 1.0 0.0 0.0 
0.9611069558713539 -1.0 0.22837585563161192 -1.0 -0.520564042303172 -1.0 -1.0 -0.4664246823956454 -1.0 0.1836115326251892 -1.0 0.8513323983169705 -0.475832438238453 1.0 0.249088699878494 1.0 0.9566003616636544 1.0 1.0 0.330812854442343 0.0 0.0 1.0 0.0 0.0 
0.9555256064690015 -1.0 0.21070931849791344 -1.0 -0.6919014084507041 -1.0 -1.0 -0.6601178781925351 -1.0 0.10248901903367408 -1.0 0.7409261576971203 -0.577097505668935 1.0 0.13723404255319122 1.0 1.0 0.9981308411214949 1.0 0.876310272536687 0.0 0.0 1.0 0.0 0.0 
0.663915094339624 -1.0 -0.0950570342205313 -1.0 -1.0 -0.8084507042253543 -1.0 -0.20443349753694606 -1.0 0.37636761487965104 -0.8638941398865763 1.0 -0.20600272851295892 1.0 0.5822306238185274 1.0 1.0 0.7049891540130138 1.0 0.03374777975133229 0.0 0.0 1.0 0.0 0.0 
0.6397379912663758 -1.0 -0.06874999999999958 -1.0 -0.9243421052631553 -1.0 -1.0 -0.30120481927710996 -1.0 0.2715404699738897 -1.0 0.9447004608294932 -0.2811735941320289 1.0 0.37296416938110843 1.0 1.0 0.8062827225130871 1.0 0.7764350453172184 0.0 0.0 1.0 0.0 0.0 
0.38680177953534334 -1.0 -0.21276595744681465 -1.0 -1.0 0.5249999999999989 -1.0 0.7051724137931025 -1.0 0.2357348703170028 -1.0 -0.24499999999999966 -0.3954802259887029 1.0 0.40595399188091896 1.0 0.6602475928473172 1.0 1.0 0.6075046904315199 1.0 0.0 0.0 0.0 0.0 
0.3568987612131564 -1.0 -0.7353579175704983 -1.0 -1.0 0.014814814814811523 -1.0 0.508902077151332 -1.0 0.2537234042553181 -1.0 0.23885714285714058 -0.7106918238993758 1.0 0.09292035398229961 1.0 0.8337236533957849 1.0 1.0 0.39892867211728184 1.0 0.0 0.0 0.0 0.0 
0.4229460379193007 -1.0 -0.9831739961759074 -1.0 -1.0 0.4097068243409707 -0.34593135364442673 1.0 1.0 0.560897435897431 1.0 -0.6314102564102548 0.08616187989556569 -1.0 0.18857142857143894 1.0 0.7806969026548678 1.0 1.0 -0.03929539295392961 1.0 0.0 0.0 0.0 0.0 
-0.010814708002883115 -1.0 -1.0 -0.6110132158590305 -1.0 -0.010256410256408955 -0.6770833333333331 -1.0 0.1703940362087332 -1.0 -1.0 -0.7026548672566358 -1.0 0.44404761904762147 -0.47161936560934736 1.0 0.7665260196905767 1.0 1.0 0.7137254901960788 1.0 0.0 0.0 0.0 0.0 
0.07311320754717039 -1.0 -0.47916666666666585 -1.0 -1.0 0.5517241379310467 -0.5178571428571367 1.0 -0.0937499999999974 1.0 0.09482758620689832 1.0 0.080882352941178 1.0 0.1761363636363647 1.0 0.2897727272727282 1.0 0.4212962962962969 1.0 1.0 0.0 0.0 0.0 0.0 
0.8893129770992351 -1.0 -0.726331360946745 -1.0 -1.0 0.37125521425862623 -0.3833333333333385 1.0 1.0 0.11392405063288136 0.9680851063829681 -1.0 0.8896982310093623 -1.0 1.0 0.7435897435897363 0.15004262574595034 1.0 1.0 0.3385200553250338 1.0 0.0 0.0 0.0 0.0 
